#time  FK1 FK2 FK3
  0.00000000E+000  0.99998900E+000  0.10999909E-004  0.30249696E-010
  0.11000000E-004  0.99997690E+000  0.23099600E-004  0.13340378E-009
  0.23100000E-004  0.99996359E+000  0.36409006E-004  0.33142318E-009
  0.36410000E-004  0.99994895E+000  0.51049045E-004  0.65154581E-009
  0.51051000E-004  0.99993285E+000  0.67152718E-004  0.11274616E-008
  0.67156100E-004  0.99991513E+000  0.84866308E-004  0.18007397E-008
  0.84871710E-004  0.99989565E+000  0.10435071E-003  0.27225626E-008
  0.10435888E-003  0.99987421E+000  0.12578290E-003  0.39558335E-008
  0.12579477E-003  0.99985064E+000  0.14935751E-003  0.55777337E-008
  0.14937425E-003  0.99982470E+000  0.17528862E-003  0.76828275E-008
  0.17531167E-003  0.99979618E+000  0.20381168E-003  0.10386829E-007
  0.20384284E-003  0.99976480E+000  0.23518563E-003  0.13831171E-007
  0.23522712E-003  0.99973029E+000  0.26969527E-003  0.18188547E-007
  0.26974983E-003  0.99969232E+000  0.30765381E-003  0.23669630E-007
  0.30772482E-003  0.99965056E+000  0.34940570E-003  0.30531213E-007
  0.34949730E-003  0.99960463E+000  0.39532976E-003  0.39086084E-007
  0.39544703E-003  0.99955411E+000  0.44584258E-003  0.49714982E-007
  0.44599173E-003  0.99949853E+000  0.50140225E-003  0.62881085E-007
  0.50159090E-003  0.99943741E+000  0.56251254E-003  0.79147569E-007
  0.56274999E-003  0.99937017E+000  0.62972737E-003  0.99198858E-007
  0.63002499E-003  0.99929622E+000  0.70365586E-003  0.12386637E-006
  0.70402749E-003  0.99921488E+000  0.78496772E-003  0.15415971E-006
  0.78543024E-003  0.99912541E+000  0.87439929E-003  0.19130438E-006
  0.87497327E-003  0.99902700E+000  0.97276015E-003  0.23678748E-006
  0.97347059E-003  0.99891877E+000  0.10809403E-002  0.29241307E-006
  0.10818177E-002  0.99879972E+000  0.11999182E-002  0.36036903E-006
  0.12009994E-002  0.99866879E+000  0.13307692E-002  0.44330815E-006
  0.13320994E-002  0.99852478E+000  0.14746757E-002  0.54444616E-006
  0.14763093E-002  0.99836640E+000  0.16329368E-002  0.66768033E-006
  0.16349402E-002  0.99819220E+000  0.18069805E-002  0.81773307E-006
  0.18094342E-002  0.99800062E+000  0.19983760E-002  0.10003256E-005
  0.20013777E-002  0.99778993E+000  0.22088473E-002  0.12223878E-005
  0.22125154E-002  0.99755822E+000  0.24402888E-002  0.14923127E-005
  0.24447670E-002  0.99730340E+000  0.26947812E-002  0.18202635E-005
  0.27002437E-002  0.99702317E+000  0.29746101E-002  0.22185451E-005
  0.29812681E-002  0.99671501E+000  0.32822856E-002  0.27020537E-005
  0.32903949E-002  0.99637615E+000  0.36205637E-002  0.32888200E-005
  0.36304343E-002  0.99600353E+000  0.39924702E-002  0.40006659E-005
  0.40044778E-002  0.99559381E+000  0.44013261E-002  0.48639983E-005
  0.44159256E-002  0.99514331E+000  0.48507759E-002  0.59107688E-005
  0.48685181E-002  0.99464800E+000  0.53448178E-002  0.71796324E-005
  0.53663699E-002  0.99410345E+000  0.58878371E-002  0.87173485E-005
  0.59140069E-002  0.99350478E+000  0.64846425E-002  0.10580473E-004
  0.65164076E-002  0.99284666E+000  0.71405046E-002  0.12837400E-004
  0.71790484E-002  0.99212323E+000  0.78611986E-002  0.15570833E-004
  0.79079532E-002  0.99132807E+000  0.86530501E-002  0.18880755E-004
  0.87097485E-002  0.99045413E+000  0.95229844E-002  0.22888033E-004
  0.95917234E-002  0.98949368E+000  0.10478580E-001  0.27738745E-004
  0.10561896E-001  0.98843827E+000  0.11528124E-001  0.33609418E-004
  0.11629085E-001  0.98727861E+000  0.12680677E-001  0.40713327E-004
  0.12802994E-001  0.98600456E+000  0.13946133E-001  0.49308103E-004
  0.14094293E-001  0.98460500E+000  0.15335293E-001  0.59704887E-004
  0.15514723E-001  0.98306778E+000  0.16859938E-001  0.72279357E-004
  0.17077195E-001  0.98137961E+000  0.18532902E-001  0.87485005E-004
  0.18795914E-001  0.97952597E+000  0.20368156E-001  0.10586911E-003
  0.20686506E-001  0.97749101E+000  0.22380893E-001  0.12809191E-003
  0.22766156E-001  0.97525744E+000  0.24587609E-001  0.15494974E-003
  0.25053772E-001  0.97280640E+000  0.27006194E-001  0.18740262E-003
  0.27570149E-001  0.97011738E+000  0.29656017E-001  0.22660758E-003
  0.30338164E-001  0.96716803E+000  0.32558014E-001  0.27395843E-003
  0.33382980E-001  0.96393410E+000  0.35734768E-001  0.33113345E-003
  0.36732278E-001  0.96038926E+000  0.39210585E-001  0.40015242E-003
  0.40416506E-001  0.95650500E+000  0.43011559E-001  0.48344475E-003
  0.44469157E-001  0.95225044E+000  0.47165628E-001  0.58393076E-003
  0.48927073E-001  0.94759228E+000  0.51702599E-001  0.70511846E-003
  0.53830780E-001  0.94249462E+000  0.56654164E-001  0.85121876E-003
  0.59224858E-001  0.93691885E+000  0.62053870E-001  0.10272820E-002
  0.65158344E-001  0.93082359E+000  0.67937052E-001  0.12393600E-002
  0.71685178E-001  0.92416458E+000  0.74340720E-001  0.14946972E-002
  0.78864696E-001  0.91689468E+000  0.81303368E-001  0.18019561E-002
  0.86762165E-001  0.90896380E+000  0.88864715E-001  0.21714824E-002
  0.95449382E-001  0.90031904E+000  0.97065346E-001  0.26156152E-002
  0.10500532E+000  0.89090471E+000  0.10594624E+000  0.31490492E-002
  0.11551685E+000  0.88066259E+000  0.11554816E+000  0.37892500E-002
  0.12707954E+000  0.86953216E+000  0.12591090E+000  0.45569429E-002
  0.13979849E+000  0.85745104E+000  0.13707228E+000  0.54766780E-002
  0.15378934E+000  0.84435552E+000  0.14906701E+000  0.65774649E-002
  0.16917927E+000  0.83018126E+000  0.16192524E+000  0.78934974E-002
  0.18610820E+000  0.81486413E+000  0.17567090E+000  0.94649678E-002
  0.20473002E+000  0.79834137E+000  0.19031966E+000  0.11338973E-001
  0.22521402E+000  0.78055286E+000  0.20587663E+000  0.13570509E-001
  0.24774643E+000  0.76144274E+000  0.22233371E+000  0.16223548E-001
  0.27253207E+000  0.74096130E+000  0.23966651E+000  0.19372185E-001
  0.29979628E+000  0.71906713E+000  0.25783105E+000  0.23101816E-001
  0.32978690E+000  0.69572962E+000  0.27676006E+000  0.27510326E-001
  0.36277659E+000  0.67093173E+000  0.29635904E+000  0.32709223E-001
  0.39906525E+000  0.64467312E+000  0.31650225E+000  0.38824632E-001
  0.43898278E+000  0.61697334E+000  0.33702859E+000  0.45998073E-001
  0.48289206E+000  0.58787538E+000  0.35773775E+000  0.54386865E-001
  0.53119226E+000  0.55744910E+000  0.37838688E+000  0.64164020E-001
  0.58432249E+000  0.52579462E+000  0.39868796E+000  0.75517419E-001
  0.64276574E+000  0.49304535E+000  0.41830660E+000  0.88648055E-001
  0.70705331E+000  0.45937049E+000  0.43686242E+000  0.10376709E+000
  0.77776964E+000  0.42497664E+000  0.45393191E+000  0.12109145E+000
  0.85555760E+000  0.39010816E+000  0.46905411E+000  0.14083773E+000
  0.94112437E+000  0.35504599E+000  0.48173987E+000  0.16321414E+000
  0.10352478E+001  0.32010448E+000  0.49148519E+000  0.18841033E+000
  0.11387836E+001  0.28563283E+000  0.49777847E+000  0.21658871E+000
  0.12526729E+001  0.25198077E+000  0.50016343E+000  0.24785580E+000
  0.13779512E+001  0.21951937E+000  0.49821659E+000  0.28226404E+000
  0.15157574E+001  0.18861634E+000  0.49159557E+000  0.31978809E+000
  0.16673441E+001  0.15962056E+000  0.48007143E+000  0.36030801E+000
  0.18340895E+001  0.13284526E+000  0.46356083E+000  0.40359391E+000
  0.20175095E+001  0.10855017E+000  0.44215569E+000  0.44929414E+000
  0.22192714E+001  0.86924664E-001  0.41614603E+000  0.49692930E+000
  0.24412095E+001  0.68078658E-001  0.38602600E+000  0.54589534E+000
  0.26853415E+001  0.52032463E-001  0.35249293E+000  0.59547460E+000
  0.29538866E+001  0.38714696E-001  0.31642647E+000  0.64485883E+000
  0.32492863E+001  0.27967401E-001  0.27884921E+000  0.69318339E+000
  0.35742259E+001  0.19558295E-001  0.24087020E+000  0.73957151E+000
  0.39316595E+001  0.13197842E-001  0.20361625E+000  0.78318590E+000
  0.43248365E+001  0.85626643E-002  0.16815381E+000  0.82328353E+000
  0.47573311E+001  0.53205357E-002  0.13541290E+000  0.85926657E+000
